URL
http://www.europeanrailwayaward.eu/
http://www.twitter.com/CER_railways
https://twitter.com/share
http://www.tagoperatorerna.se
http://www.atoc.org
http://www.asbe.lv
http://www.bls.ch
http://www.brc-bg.com
http://www.btserviss.lv
http://www.bulmarket.bg
http://www.cd.cz
http://www.cer.hu
http://www.cfl.lu
http://www.cfl.lu/cflinternet/espaces/03espacefret/
http://www.railway.md
http://www.cfr.ro
http://www.cfrcalatori.ro
http://www.cfrmarfa.cfr.ro
http://www.cp.pt
http://www.deutschebahn.com
http://www.dsb.dk
http://www.eurostar.com
http://www.cit-rail.org/fr/
http://www.clecat.org/
http://www.eimrail.org/
http://www.erfarail.eu/page.asp?pid=163
http://www.errac.org/
http://www.itfglobal.org/ETF/
http://www.europeanrailwayreview.com/
http://www.forumtraineurope.org/html/e/fte_kuerze.html
http://www.rne.eu/
http://www.transportenvironment.org/
http://www.uic.org/
http://www.uiprail.org/
http://www.uirr.com/
http://www.uitp.org/
http://www.unife.org
http://www.cflcargo.eu
